
17
17
16.9
16.9
16.9
16.9
16.9
16.8
16.8
16.8
16.8
16.8
16.8
16.7
16.7
16.5
16.5
16.5
16.5
16.4
16.4
16.4
16.4
16.4
16.3
16.3
16.3
16.3
16.3
16.1
16.1
16.1
16.1
16.1
16.1
15.8
15.8
15.8
15.8
15.8
15.5
15.5
15.5
15.5
15.5
15.5
15
15
15
15
15
14.7
14.7
14.7
14.7
14.7
14.3
14.3
14.3
14.3
14.3
14.3
14.3
14.1
14.1
14.1
14.1
13.8
13.8
13.8
13.8
13.8
13.8
13.5
13.5
13.5
13.5
13.5
13.2
13.2
13.2
13.2
13.2
13
13
13
13
13
13
12.8
12.8
12.8
12.8
12.8
12.5
12.5
12.5
12.5
12.5
12.4
12.4
12.4
12.4
12.4
12.2
12.2
12.2
12.2
12.2
12.2
12.2
12
12
12
12
11.8
11.8
11.8
11.8
11.8
11.8
11.7
11.7
11.7
11.7
11.7
11.5
11.5
11.5
11.5
11.5
11.5
11.5
11.5
11.5
11.5
11.5
11.5
11.5
11.5
11.5
11.5
11.5
11.5
11.5
11.5
11.5
11.6
11.6
11.6
11.6
11.6
11.6
11.7
11.7
11.7
11.7
11.7
11.7
11.8
11.8
11.8
11.8
11.9
11.9
11.9
11.9
11.9
11.9
12
12
12
12.2
12.2
12.4
12.4
12.4
12.5
12.5
12.5
12.5
12.5
12.5
12.6
12.6
12.6
12.6
12.6
12.8
12.8
12.8
12.8
12.8
13
13
13
13
13
13
13